best pre-ilp found cost: 3.4107142857142856
avg cost: 3.410714285714287, cost: 191
lengths: [2, 3, 3, 3, 3, 3, 4, 4, 4, 4, 4, 4, 4, 4, 4, 4, 4, 4, 4, 4, 5, 5, 5, 5, 5]
'e': [0, 0]
't': [0, 2]
' ': [1, 1, 1]
'i': [1, 1, 0]
'n': [0, 1, 1]
'w': [0, 1, 0]
'r': [1, 0, 2]
'b': [2, 2]
'"': [2, 1, 0]
'B': [1, 0, 0, 1]
's': [0, 1, 2]
'f': [1, 0, 0, 0]
'I': [2, 0, 0]
'h': [2, 1, 1]
'o': [1, 2, 1]
'k': [1, 0, 1, 1]
'ü': [1, 2, 0]
'u': [1, 0, 1, 0]
'm': [2, 0, 1]
'D': [1, 1, 2]
'W': [2, 1, 2]
'a': [2, 0, 2]
'F': [1, 2, 2]
'N': [1, 0, 1, 2]
'd': [1, 0, 0, 2]
time elapsed: 148.0837ms
