best pre-ilp found cost: 3.5365853658536586
avg cost: 3.292682926829268, cost: 135
lengths: [1, 11, 11, 11, 12, 13, 14, 15, 15]
'a': [0]
'g': [1, 1, 0]
'b': [1, 0, 0, 0, 0, 0, 0]
'f': [1, 0, 1]
'h': [1, 0, 0, 1]
'd': [1, 0, 0, 0, 1]
' ': [1, 0, 0, 0, 0, 1]
'e': [1, 0, 0, 0, 0, 0, 1]
'c': [1, 1, 1]
time elapsed: 134.883ms
