best pre-ilp found cost: 2.536363636363636
avg cost: 2.536363636363636, cost: 279
lengths: [2, 2, 3, 4, 5, 5, 6, 6, 7]
'c': [1]
'b': [0, 0]
'a': [2]
' ': [0, 2]
'd': [0, 1, 1]
'e': [0, 1, 0, 0]
'h': [0, 1, 2]
'g': [0, 1, 0, 1]
'f': [0, 1, 0, 2]
time elapsed: 20.9523ms
