best pre-ilp found cost: 11
avg cost: 9.785714285714286, cost: 137
lengths: [7, 8, 8, 8, 8, 9, 10, 10, 11, 11, 11, 12, 12, 12]
'd': [0, 0, 1]
'g': [1, 0, 0, 0]
'k': [0, 0, 0, 0, 0, 0, 0, 0]
'l': [0, 1, 0, 0]
'e': [0, 0, 0, 1]
'f': [0, 0, 0, 0, 1]
'a': [0, 0, 0, 0, 0, 1]
'b': [1, 1]
'j': [0, 0, 0, 0, 0, 0, 1]
'n': [0, 1, 1]
'i': [1, 0, 1]
'h': [0, 0, 0, 0, 0, 0, 0, 1]
'c': [0, 1, 0, 1]
'm': [1, 0, 0, 1]
time elapsed: 1.2586977s
