best pre-ilp found cost: 3.447628458498024
avg cost: 3.1245059288537536, cost: 3162
lengths: [2, 2, 3, 3, 3, 3, 3, 3, 3, 3, 3, 4, 4, 4, 4, 4, 4, 5, 5, 5, 5, 5, 5, 6, 6, 6, 6, 7, 7, 7, 7, 7, 7, 7, 7, 7, 8, 8, 8, 8, 8]
' ': [2]
'e': [0, 0]
't': [1, 2]
'i': [1, 0, 1]
'o': [0, 1, 0]
's': [0, 1, 1]
'a': [3]
'n': [1, 0, 0]
'r': [0, 2]
'c': [1, 1, 1]
'd': [1, 1, 0]
'l': [0, 1, 2]
'm': [1, 0, 2]
'h': [4]
'u': [0, 3]
'p': [1, 1, 2]
'f': [1, 3]
'b': [1, 4]
'y': [1, 0, 3]
'g': [5]
'.': [0, 4]
'q': [1, 1, 3]
'x': [0, 1, 3]
',': [0, 1, 4]
'v': [1, 0, 4]
'w': [1, 5]
'T': [6]
'F': [1, 6]
'A': [1, 0, 5]
'5': [1, 1, 5]
'’': [1, 1, 4, 0]
'H': [1, 1, 4, 1]
'j': [0, 6]
'G': [0, 1, 5]
'9': [0, 5, 1]
';': [0, 5, 0]
'2': [0, 1, 6]
'z': [1, 1, 4, 2]
'1': [1, 0, 6]
'S': [1, 1, 6]
'-': [0, 5, 2]
time elapsed: 642.6256ms
