best pre-ilp found cost: 1.6611123893483815
avg cost: 1.629457852480655, cost: 134559
lengths: [1, 1, 1, 1, 2, 2, 2, 2, 2, 2, 2, 2, 2, 2, 2, 2, 2, 2, 2, 2, 2, 2, 2, 3, 3, 3, 3, 3, 3, 3, 3, 3, 3, 3, 3, 3, 3, 3, 3, 3, 3, 3, 3, 3, 3, 3, 4, 4, 4, 4, 4, 4, 4, 4, 4, 4, 4, 4, 4, 4, 4, 4, 4, 4, 4, 4, 5, 5, 5, 5, 5, 5, 5, 5, 5, 5, 5, 5, 5, 5, 5, 6]
' ': [0]
'e': [2]
'n': [6]
'i': [5]
'r': [7]
's': [1, 1]
'a': [4, 0]
'd': [3, 6]
'h': [3, 4]
't': [3, 5]
'u': [1, 0]
'l': [3, 2]
'c': [3, 3]
'g': [1, 6]
'm': [3, 1]
'o': [3, 0]
'b': [1, 4]
',': [1, 5]
'f': [4, 5]
'w': [4, 6]
'.': [1, 2]
'k': [1, 3]
'z': [4, 3]
'S': [3, 7]
'ä': [4, 4, 0]
'ü': [4, 4, 1]
'ö': [4, 2, 5]
'v': [4, 2, 6]
'F': [1, 7]
'p': [4, 2, 3]
'ß': [4, 2, 4]
'D': [4, 1, 6]
'E': [4, 1, 5]
'V': [4, 1, 3]
'W': [4, 1, 2]
'N': [4, 1, 1]
'K': [4, 2, 1]
'B': [4, 2, 2]
'A': [4, 7]
'M': [4, 4, 6]
'H': [4, 2, 0]
'I': [8]
'L': [4, 4, 4]
'R': [4, 4, 5]
'G': [4, 1, 4]
'T': [4, 4, 2]
'Z': [4, 2, 7]
'j': [4, 1, 7]
'J': [3, 8]
'-': [4, 1, 0, 3]
';': [4, 1, 0, 4]
'(': [4, 1, 0, 1]
')': [4, 1, 0, 2]
':': [4, 8]
'_': [4, 1, 0, 0]
'O': [1, 8]
'U': [4, 4, 3, 6]
'[': [4, 4, 7]
']': [9]
'“': [4, 4, 3, 4]
'„': [4, 4, 3, 5]
'P': [4, 4, 3, 2]
'1': [4, 4, 3, 3]
'4': [4, 4, 3, 0]
'3': [4, 4, 3, 1]
'?': [4, 1, 0, 5]
'2': [4, 1, 8]
'!': [4, 1, 0, 7]
'5': [4, 9]
'6': [4, 4, 3, 7]
'0': [1, 9]
'q': [4, 4, 8]
'8': [4, 1, 0, 6, 6]
'Ä': [4, 1, 0, 6, 4]
'’': [4, 1, 0, 6, 5]
'9': [4, 1, 0, 6, 3]
'Q': [4, 2, 8]
'7': [4, 1, 0, 6, 2]
'Ö': [4, 1, 0, 6, 1]
'y': [4, 1, 0, 6, 0]
'C': [3, 9]
'x': [4, 1, 0, 8]
time elapsed: 284.6465ms
